0 0.18303571428571427 0.5357142857142857 0.08035714285714286 0.12053571428571429
4 0.2767857142857143 0.53125 0.08035714285714286 0.125
2 0.33482142857142855 0.53125 0.07142857142857142 0.125
3 0.36607142857142855 0.53125 0.07589285714285714 0.13392857142857142
17 0.45982142857142855 0.53125 0.08482142857142858 0.13392857142857142
26 0.5223214285714286 0.53125 0.08035714285714286 0.12946428571428573
7 0.5982142857142857 0.53125 0.07589285714285714 0.12946428571428573
4 0.6473214285714286 0.5267857142857143 0.07142857142857142 0.13392857142857142
4 0.6964285714285714 0.5223214285714286 0.07589285714285714 0.13392857142857142
5 0.7633928571428571 0.5267857142857143 0.0625 0.13839285714285715
23 0.84375 0.5267857142857143 0.07589285714285714 0.13839285714285715