11 0.06473214285714286 0.5558035714285714 0.125 0.20535714285714285
29 0.16294642857142858 0.546875 0.08928571428571429 0.17410714285714285
24 0.24330357142857142 0.5401785714285714 0.09375 0.17410714285714285
5 0.328125 0.5290178571428571 0.09375 0.17857142857142858
3 0.40848214285714285 0.53125 0.09821428571428571 0.18303571428571427
15 0.49776785714285715 0.5178571428571429 0.09821428571428571 0.17857142857142858
28 0.5736607142857143 0.5111607142857143 0.09375 0.17410714285714285
9 0.6696428571428571 0.49776785714285715 0.10714285714285714 0.18303571428571427
7 0.75 0.49107142857142855 0.08928571428571429 0.18303571428571427
6 0.8258928571428571 0.484375 0.09375 0.17410714285714285
0 0.9151785714285714 0.47767857142857145 0.10267857142857142 0.17857142857142858