0 0.19196428571428573 0.5848214285714286 0.09821428571428571 0.12946428571428573
4 0.28348214285714285 0.5647321428571429 0.09821428571428571 0.13392857142857142
2 0.34151785714285715 0.5558035714285714 0.08928571428571429 0.13392857142857142
3 0.37276785714285715 0.5513392857142857 0.09375 0.14285714285714285
17 0.4642857142857143 0.5379464285714286 0.10267857142857142 0.14732142857142858
26 0.5267857142857143 0.5267857142857143 0.09821428571428571 0.13839285714285715
7 0.6026785714285714 0.515625 0.09375 0.13839285714285715
4 0.6495535714285714 0.5044642857142857 0.08928571428571429 0.14285714285714285
4 0.6964285714285714 0.49107142857142855 0.09375 0.14285714285714285
5 0.7633928571428571 0.484375 0.08482142857142858 0.14732142857142858
23 0.84375 0.4732142857142857 0.09821428571428571 0.14732142857142858