0 0.20089285714285715 0.6116071428571429 0.10714285714285714 0.13839285714285715
4 0.29017857142857145 0.5848214285714286 0.10714285714285714 0.14285714285714285
2 0.3482142857142857 0.5691964285714286 0.09821428571428571 0.13839285714285715
3 0.37723214285714285 0.5625 0.10714285714285714 0.14732142857142858
17 0.46875 0.5401785714285714 0.11607142857142858 0.15178571428571427
26 0.5290178571428571 0.5245535714285714 0.10714285714285714 0.14285714285714285
7 0.6026785714285714 0.5066964285714286 0.10714285714285714 0.14285714285714285
4 0.6495535714285714 0.49107142857142855 0.10267857142857142 0.14732142857142858
4 0.6964285714285714 0.4732142857142857 0.10714285714285714 0.14732142857142858
5 0.7611607142857143 0.46205357142857145 0.09375 0.14732142857142858
23 0.8392857142857143 0.4419642857142857 0.10714285714285714 0.15178571428571427