29 0.16071428571428573 0.5267857142857143 0.09375 0.14285714285714285
24 0.24553571428571427 0.5223214285714286 0.09375 0.15178571428571427
7 0.33482142857142855 0.5133928571428571 0.08482142857142858 0.15178571428571427
8 0.42410714285714285 0.5089285714285714 0.08482142857142858 0.14285714285714285
16 0.5133928571428571 0.5 0.08482142857142858 0.14732142857142858
28 0.59375 0.5 0.08035714285714286 0.14285714285714285
6 0.6785714285714286 0.4955357142857143 0.08482142857142858 0.14285714285714285
5 0.7633928571428571 0.49107142857142855 0.08482142857142858 0.14285714285714285
6 0.8526785714285714 0.48214285714285715 0.07589285714285714 0.14285714285714285
6 0.9419642857142857 0.48214285714285715 0.08035714285714286 0.14732142857142858
16 0.5044642857142857 0.49107142857142855 0.08482142857142858 0.14732142857142858