11 0.0625 0.5178571428571429 0.10714285714285714 0.19642857142857142
29 0.16071428571428573 0.5178571428571429 0.07589285714285714 0.16964285714285715
24 0.24107142857142858 0.5178571428571429 0.08035714285714286 0.16964285714285715
5 0.32589285714285715 0.5133928571428571 0.08035714285714286 0.17410714285714285
3 0.40625 0.5223214285714286 0.08482142857142858 0.17410714285714285
15 0.4955357142857143 0.5178571428571429 0.08482142857142858 0.16964285714285715
28 0.5714285714285714 0.5178571428571429 0.08035714285714286 0.16964285714285715
9 0.6696428571428571 0.5133928571428571 0.09375 0.17410714285714285
7 0.75 0.5133928571428571 0.07589285714285714 0.17857142857142858
6 0.8258928571428571 0.5133928571428571 0.08035714285714286 0.16964285714285715
0 0.9151785714285714 0.5133928571428571 0.08928571428571429 0.16964285714285715