29 0.16071428571428573 0.484375 0.11160714285714286 0.15178571428571427
24 0.24553571428571427 0.49107142857142855 0.11160714285714286 0.16071428571428573
7 0.33482142857142855 0.49330357142857145 0.10267857142857142 0.16071428571428573
8 0.42410714285714285 0.5 0.10267857142857142 0.15178571428571427
16 0.5133928571428571 0.5022321428571429 0.10267857142857142 0.15625
28 0.59375 0.5111607142857143 0.09821428571428571 0.15178571428571427
6 0.6785714285714286 0.5178571428571429 0.10267857142857142 0.15178571428571427
5 0.7633928571428571 0.5223214285714286 0.10267857142857142 0.15178571428571427
6 0.8526785714285714 0.5245535714285714 0.09375 0.15178571428571427
6 0.9397321428571429 0.5357142857142857 0.09821428571428571 0.15625
16 0.5044642857142857 0.49107142857142855 0.10267857142857142 0.15625